code
159100
159303
159312
159318
159329
159501
159502
159506
159509
159513
159518
159519
159529
159557
159561
159567
159568
159570
159577
159605
159607
159612
159615
159632
159636
159655
159659
159660
159687
159688
159696
159699
159711
159712
159718
159735
159740
159741
159742
159747
159750
159751
159776
159788
159792
159822
159850
159866
159892
159920
159941
159960
161725
513000
513010
513020
513030
513040
513050
513060
513070
513080
513090
513100
513110
513120
513130
513140
513150
513160
513170
513180
513190
513200
513210
513220
513230
513260
513280
513290
513300
513310
513320
513330
513350
513360
513380
513390
513400
513500
513520
513550
513560
513580
513590
513600
513650
513660
513700
513730
513750
513770
513780
513800
513810
513850
513860
513870
513880
513900
513970
513980
513990
520520
520700
520830




